{
  "nbformat": 4,
  "nbformat_minor": 0,
  "metadata": {
    "colab": {
      "provenance": []
    },
    "kernelspec": {
      "name": "python3",
      "display_name": "Python 3"
    },
    "language_info": {
      "name": "python"
    }
  },
  "cells": [
    {
      "cell_type": "markdown",
      "source": [
        "NOTE: To run the code, make sure all housing files are added to the colab files."
      ],
      "metadata": {
        "id": "dGNb8PEcINuf"
      }
    },
    {
      "cell_type": "markdown",
      "source": [
        "Problem 4 Matrix Report\n"
      ],
      "metadata": {
        "id": "tUjl9EBdkJqb"
      }
    },
    {
      "cell_type": "code",
      "execution_count": 18,
      "metadata": {
        "colab": {
          "base_uri": "https://localhost:8080/"
        },
        "id": "r2t0BQLWio16",
        "outputId": "4682d7de-7b68-4986-c6a6-420f8674e401"
      },
      "outputs": [
        {
          "output_type": "execute_result",
          "data": {
            "text/plain": [
              "[(array([[ -4,   3,   3],\n",
              "         [-10,   6, -10],\n",
              "         [  0,  10,   6]]),\n",
              "  array([[-0.20481928, -0.01807229,  0.07228916],\n",
              "         [-0.09036145,  0.03614458,  0.10542169],\n",
              "         [ 0.15060241, -0.06024096, -0.00903614]]),\n",
              "  array([[ 1.00000000e+00,  2.77555756e-17,  4.85722573e-17],\n",
              "         [-2.22044605e-16,  1.00000000e+00, -1.38777878e-17],\n",
              "         [-1.11022302e-16,  0.00000000e+00,  1.00000000e+00]])),\n",
              " (array([[ -2,   2,   6],\n",
              "         [  4, -10,   9],\n",
              "         [  7,   8,   5]]),\n",
              "  array([[-0.12951168,  0.0403397 ,  0.08280255],\n",
              "         [ 0.04564756, -0.0552017 ,  0.04458599],\n",
              "         [ 0.10828025,  0.03184713,  0.01273885]]),\n",
              "  array([[ 1.00000000e+00, -1.38777878e-17,  1.04083409e-17],\n",
              "         [ 2.77555756e-17,  1.00000000e+00, -6.76542156e-17],\n",
              "         [ 2.77555756e-17,  3.46944695e-17,  1.00000000e+00]])),\n",
              " (array([[  8, -10,   3],\n",
              "         [ -7,   2,   1],\n",
              "         [ -7,  -4,   5]]),\n",
              "  array([[-0.33333333, -0.9047619 ,  0.38095238],\n",
              "         [-0.66666667, -1.45238095,  0.69047619],\n",
              "         [-1.        , -2.42857143,  1.28571429]]),\n",
              "  array([[ 1.00000000e+00,  4.44089210e-16,  0.00000000e+00],\n",
              "         [-8.88178420e-16,  1.00000000e+00,  8.88178420e-16],\n",
              "         [-8.88178420e-16, -1.33226763e-15,  1.00000000e+00]]))]"
            ]
          },
          "metadata": {},
          "execution_count": 18
        }
      ],
      "source": [
        "import numpy as np\n",
        "\n",
        "def generate_and_solve():\n",
        "    results = []\n",
        "    count = 0\n",
        "\n",
        "    while count < 3:\n",
        "        #creating random 3x3 matrix with certain range\n",
        "        M = np.random.randint(-10, 11, size=(3, 3))\n",
        "\n",
        "        #making sure the matrix is invertible\n",
        "        if np.linalg.det(M) != 0:\n",
        "            #inverse computation\n",
        "            M_inv = np.linalg.inv(M)\n",
        "\n",
        "            #matrix * inverse\n",
        "            product = np.dot(M, M_inv)\n",
        "\n",
        "            results.append((M, M_inv, product))\n",
        "            count += 1\n",
        "\n",
        "    return results\n",
        "\n",
        "matrices_data = generate_and_solve()\n",
        "matrices_data"
      ]
    },
    {
      "cell_type": "markdown",
      "source": [
        "Problem 5"
      ],
      "metadata": {
        "id": "C_YHMLl3kNx6"
      }
    },
    {
      "cell_type": "code",
      "source": [
        "import pandas as pd\n",
        "\n",
        "df = pd.read_csv('kc_house_data.csv')\n",
        "\n",
        "#excluding 'id', 'date', and 'zipcode'.\n",
        "columns_to_drop = ['id', 'date', 'zipcode']\n",
        "df_cleaned = df.drop(columns=columns_to_drop, errors='ignore')\n",
        "\n",
        "#outlining the dependant variable and features\n",
        "response_col = 'price'\n",
        "features = df_cleaned.drop(columns=[response_col])\n",
        "response = df_cleaned[response_col]\n",
        "\n",
        "#question 1, computing average, min, max, and variance\n",
        "print(\"Question 1: Feature Statistics\")\n",
        "\n",
        "#computing stats for each column and putting them into a df\n",
        "stats_df = pd.DataFrame()\n",
        "stats_df['Average'] = features.mean()\n",
        "stats_df['Min'] = features.min()\n",
        "stats_df['Max'] = features.max()\n",
        "stats_df['Variance'] = features.var()\n",
        "\n",
        "print(stats_df)\n",
        "print(\"\\n\")\n",
        "\n",
        "#question 2, correlation coefficients of all features with price\n",
        "print(\"Question 2: Correlation with Price\")\n",
        "\n",
        "#calculating correlation\n",
        "correlations = features.corrwith(response)\n",
        "\n",
        "#making it a df for table like display\n",
        "correlation_table = pd.DataFrame(correlations, columns=['Correlation Coefficient'])\n",
        "\n",
        "print(correlation_table)"
      ],
      "metadata": {
        "colab": {
          "base_uri": "https://localhost:8080/"
        },
        "id": "wvSvDs-oEAUR",
        "outputId": "4015a419-0286-4f6b-9402-893db0b75449"
      },
      "execution_count": 26,
      "outputs": [
        {
          "output_type": "stream",
          "name": "stdout",
          "text": [
            "Question 1: Feature Statistics\n",
            "                    Average        Min           Max      Variance\n",
            "bedrooms           3.370842     0.0000  3.300000e+01  8.650150e-01\n",
            "bathrooms          2.114757     0.0000  8.000000e+00  5.931513e-01\n",
            "sqft_living     2079.899736   290.0000  1.354000e+04  8.435337e+05\n",
            "sqft_lot       15106.967566   520.0000  1.651359e+06  1.715659e+09\n",
            "floors             1.494309     1.0000  3.500000e+00  2.915880e-01\n",
            "waterfront         0.007542     0.0000  1.000000e+00  7.485226e-03\n",
            "view               0.234303     0.0000  4.000000e+00  5.872426e-01\n",
            "condition          3.409430     1.0000  5.000000e+00  4.234665e-01\n",
            "grade              7.656873     1.0000  1.300000e+01  1.381703e+00\n",
            "sqft_above      1788.390691   290.0000  9.410000e+03  6.857347e+05\n",
            "sqft_basement    291.509045     0.0000  4.820000e+03  1.958727e+05\n",
            "yr_built        1971.005136  1900.0000  2.015000e+03  8.627973e+02\n",
            "yr_renovated      84.402258     0.0000  2.015000e+03  1.613462e+05\n",
            "lat               47.560053    47.1559  4.777760e+01  1.919990e-02\n",
            "long            -122.213896  -122.5190 -1.213150e+02  1.983262e-02\n",
            "sqft_living15   1986.552492   399.0000  6.210000e+03  4.697612e+05\n",
            "sqft_lot15     12768.455652   651.0000  8.712000e+05  7.455182e+08\n",
            "\n",
            "\n",
            "Question 2: Correlation with Price\n",
            "               Correlation Coefficient\n",
            "bedrooms                      0.308350\n",
            "bathrooms                     0.525138\n",
            "sqft_living                   0.702035\n",
            "sqft_lot                      0.089661\n",
            "floors                        0.256794\n",
            "waterfront                    0.266369\n",
            "view                          0.397293\n",
            "condition                     0.036362\n",
            "grade                         0.667434\n",
            "sqft_above                    0.605567\n",
            "sqft_basement                 0.323816\n",
            "yr_built                      0.054012\n",
            "yr_renovated                  0.126434\n",
            "lat                           0.307003\n",
            "long                          0.021626\n",
            "sqft_living15                 0.585379\n",
            "sqft_lot15                    0.082447\n"
          ]
        }
      ]
    }
  ]
}